grr_list = [0.008339298550068706,
0.029247293641565034,
0.0496959270891726,
0.11435605308577611,
0.6297365309197414,
0.8511896372904179,
0.9110356572795617,
0.9442243543084581,
0.9761129580848025]

rappor_list = [0.0307518906887334,
0.05969471930545939,
0.1076398307032213,
0.3184304831058448,
0.537195482173229,
0.8769085735857226,
0.9226595968408152,
0.9429155522713807,
0.9666249871052968]

oue_list = [0.02512708304270557,
0.03564287747473438,
0.09482375349537753,
0.4263960014379128,
0.7047265571815422,
0.8012505596976816,
0.8486954706634386,
0.8690873710824917,
0.8918999239854969]

olh_list =[0.019745707777821826,
0.020440423781518894,
0.020665892511258055,
0.027163749126819667,
0.09321182935819068,
0.32053815263070884,
0.47826319690869606,
0.6027467543253833,
0.7652430913673516]