TAXI
{
'GRR': [170.2298928440721, 144.73049347046185, 120.84039708690256, 97.83927119471895, 74.45103880612855, 52.73541283431363, 35.8466930070474, 23.770472406930786, 9.920957992983006],
'RAPPOR': [161.8945256819678, 144.13853940566847, 126.7903936764233, 107.68423130152324, 87.98683948245399, 69.88649755182419, 54.172070833059045, 41.71435938239403, 25.6607383318864],
'OUE': [160.7370662150607, 138.1002969082098, 114.83907853180958, 94.20986993349288, 77.46702964734902, 65.26439940533083, 56.879656102078776, 51.44488813600627, 45.82220028124503],
'OLH': [173.4212231080396, 177.7684634818918, 188.6664215242388, 135.83949921170972, 106.37917407273844, 79.81421704855919, 55.22719572364427, 35.96423252110303, 14.15589652656669]
}


GEOLIFE
{
'GRR': [232.74060505471525, 197.3027999682958, 162.9540294878078, 130.234374142253, 99.16215522719617, 70.62560677641638, 48.68497656953259, 32.403572780211285, 13.38968792615685],
'RAPPOR': [447.2832251026591, 404.30790163565104, 356.8640185356281, 304.16288270080713, 247.25817469666205, 196.19638150082773, 153.26933840408338, 120.08139712664439, 75.87322902652963],
'OUE': [445.6118787235824, 385.8444964634811, 315.0631480762498, 256.4746414146003, 207.78307287125352, 177.67624635367903, 156.51624163530386, 141.33710174776638, 126.94815090998073],
'OLH': [463.3669901824885, 470.48410501739374, 492.9402490222569, 384.30107545356725, 297.9593969297127, 236.18614150569664, 174.88792022316682, 122.47791634588107, 50.67175089870643]
}

BRINKHOFF
{
'GRR': [206917.9828540406, 160706.55417091434, 121316.87561241133, 88012.57883899612, 58724.591295509315, 35647.45868612585, 20819.125823503484, 12458.777089215537, 4653.910371119909],
'RAPPOR': [188931.713397809, 154915.26804650718, 125770.72129446903, 97034.64021260836, 72213.20990049215, 51287.14845039993, 35446.01675563243, 24504.80403771912, 13189.070126721463],
'OUE': [187951.37091011117, 145324.65596862254, 108454.42451995527, 81524.88405388553, 61807.58162201169, 47085.55862210914, 37869.51093921719, 32043.864527253132, 25290.645266303833],
'OLH': [222719.94592652816, 230827.89222976624, 247082.53533517628, 147601.76277118496, 108721.37524704856, 78319.57691409334, 51203.84395641432, 32181.264862282507, 11983.36781403105]
}

{
'GRR': [0.19250567087691695, 0.14976163597411818, 0.11408346965328557, 0.0829525177961743, 0.05524429858310571, 0.033534159017755534, 0.019251180074661266, 0.011498380191630776, 0.004279071550200865],
'RAPPOR': [0.17600831883723797, 0.1442353749209164, 0.1173409866503282, 0.09037202460053989, 0.06759307719536138, 0.04816397191477983, 0.0329988379077565, 0.022686985627301794, 0.01218983363009595],
'OUE': [0.17605875163768217, 0.13536958300874502, 0.10162883511548192, 0.07691860412193609, 0.058195754873375125, 0.043952085664804685, 0.03500118605523628, 0.02924623240923621, 0.02292585314588223],
'OLH': [0.21038319908043518, 0.21765888638105907, 0.23229151706278678, 0.13703551783775175, 0.10179366305182395, 0.07300402091523789, 0.04757704782130929, 0.029771830760947495, 0.01128620589742511]
}

-----------------------------------------------------------------------------------------------------------------------------

Plain Attack

Geolife
{'GRR': [0.0014592423405093017, 0.0011839054679432005, 0.0008802981844676043, 0.0006617594196763494, 0.0004503963937678564, 0.0002836448776845994, 0.00015118360776662226, 8.723250016922179e-05, 2.62741359271229e-05],
'RAPPOR': [0.002689683857603522, 0.0021657771166197467, 0.001986538797718619, 0.001439878670432627, 0.0011094832707471847, 0.0007046207075899599, 0.0005249817578443621, 0.0003485385209156984, 0.00015515847140971248],
'OUE': [0.0026087187479097796, 0.0021049006262872125, 0.001611704683937008, 0.001339253019513206, 0.0009592069763986036, 0.0007371114419720149, 0.00048441603675506464, 0.0004194149588064995, 0.0003191426714683507],
'OLH': [0.002867374253525693, 0.002805544446948172, 0.002742654078801675, 0.002179284748719323, 0.001481715660953744, 0.0011626593696444948, 0.0008436127013635897, 0.0005563541431277101, 0.0001396570609997802]}


Brinkhoff
{'GRR': [0.19250567087691695, 0.14976163597411818, 0.11408346965328557, 0.0829525177961743, 0.05524429858310571, 0.033534159017755534, 0.019251180074661266, 0.011498380191630776, 0.004279071550200865],
'RAPPOR': [0.17600831883723797, 0.1442353749209164, 0.1173409866503282, 0.09037202460053989, 0.06759307719536138, 0.04816397191477983, 0.0329988379077565, 0.022686985627301794, 0.01218983363009595],
'OUE': [0.17605875163768217, 0.13536958300874502, 0.10162883511548192, 0.07691860412193609, 0.058195754873375125, 0.043952085664804685, 0.03500118605523628, 0.02924623240923621, 0.02292585314588223],
 'OLH': [0.21038319908043518, 0.21765888638105907, 0.23229151706278678, 0.13703551783775175, 0.10179366305182395, 0.07300402091523789, 0.04757704782130929, 0.029771830760947495, 0.01128620589742511]}

 Taxi
 {'GRR': [0.306162784395818, 0.24372938246288067, 0.19306341279889913, 0.1481889709524786, 0.10508967915951734, 0.06769955946094702, 0.042034797488804315, 0.025838178221145158, 0.010088202387546564],
 'RAPPOR': [0.2840149453223046, 0.24144691643434624, 0.2033975548373083, 0.1651493875191849, 0.12721303328413644, 0.09632301602098613, 0.06991930349046889, 0.05065555075816954, 0.028480707652541643],
 'OUE': [0.28050606400605477, 0.22743188464735592, 0.1798028494220011, 0.14097315330341442, 0.1111007110272285, 0.08858188566656544, 0.07269714182468412, 0.06279651584378676, 0.05159077616927701],
 'OLH': [0.32478676345634244, 0.33969686599718435, 0.3741275845423912, 0.22251952916714177, 0.16537612489613474, 0.11718552381405016, 0.07516619146761516, 0.04529679508735361, 0.01620372892077221]}


10^-2

data = {
    'Geolife': {
        'GRR': [1.46, 1.18, 0.88, 0.66, 0.45, 0.28, 0.15, 0.087, 0.026],
        'RAPPOR': [2.69, 2.17, 1.99, 1.44, 1.11, 0.70, 0.52, 0.35, 0.15],
        'OUE': [2.61, 2.10, 1.61, 1.34, 0.96, 0.74, 0.48, 0.42, 0.32],
        'OLH': [2.87, 2.81, 2.74, 2.18, 1.48, 1.16, 0.84, 0.56, 0.14]
    },
    'Brinkhoff': {
        'GRR': [19.25, 14.98, 11.41, 8.30, 5.52, 3.35, 1.92, 1.15, 0.43],
        'RAPPOR': [17.60, 14.42, 11.73, 9.04, 6.76, 4.82, 3.30, 2.27, 1.22],
        'OUE': [17.61, 13.53, 10.16, 7.69, 5.82, 4.39, 3.50, 2.92, 2.29],
        'OLH': [21.04, 21.77, 23.23, 13.70, 10.18, 7.30, 4.76, 2.97, 1.13]
    },
    'Taxi': {
        'GRR': [30.62, 24.37, 19.31, 14.82, 10.51, 6.77, 4.20, 2.58, 1.01],
        'RAPPOR': [28.40, 24.14, 20.34, 16.51, 12.72, 9.63, 6.99, 5.06, 2.85],
        'OUE': [28.05, 22.74, 17.98, 14.09, 11.11, 8.86, 7.27, 6.27, 5.16],
        'OLH': [32.48, 33.97, 37.41, 22.25, 16.54, 11.72, 7.52, 4.53, 1.62]
    }
}


----------------------------------------------------------------------------------------------------

Informed Attack

Taxi
{
'GRR': [0.0839350144567942, 0.10689194561502201, 0.08757460026194212, 0.047993146752658894, 0.02037034407011331, 0.00990488639988092, 0.005733307538824434, 0.0037464069376007183, 0.0015741140436460995],
'RAPPOR': [0.11017279701960851, 0.09963146033460339, 0.05541119327590968, 0.025704605924173816, 0.013215602015801407, 0.007908442135100077, 0.005681500532261836, 0.004282857182500896, 0.0025340537472219983],
'OUE': [0.10930020004032553, 0.09971834597788595, 0.057642548359986404, 0.030109139606720365, 0.01756564055039511, 0.011867148010468873, 0.009175541375636306, 0.007195444180382233, 0.00558745392403699],
'OLH': [0.3245065690261956, 0.3399076861495682, 0.3748628199402897, 0.22292110984749422, 0.16554831250651922, 0.11708903585960709, 0.07459600563952683, 0.045303476144011125, 0.01619911968230251]
}

Geolife
{
'GRR': [0.00031853868360497237, 0.0003232742580828447, 0.00030257650719716056, 0.00016431915385472555, 0.00011476068555209315, 3.2162390816838474e-05, 1.961895087606174e-05, 3.382568651593013e-05, 2.072936140696365e-06],
'RAPPOR': [0.0002849601816540083, 0.0002957902421458784, 0.00014203865200046987, 0.00011123401020155179, 3.89438738882796e-05, 1.6159793325992558e-05, 1.0069704206587855e-05, 1.2417461046249086e-05, 6.37181080329128e-06],
'OUE': [0.0003393687878978168, 0.00020994024722761909, 0.00020576955674165594, 0.00013549358193643942, 0.00012302874867590885, 3.960990572390041e-05, 6.232633970237318e-05, 4.59521034761388e-05, 1.2252418408032865e-05],
'OLH': [0.0028212189705912193, 0.002588624125413048, 0.002928452584464681, 0.0021119152719653, 0.0015815495736395157, 0.001136378074763879, 0.0008138927144045323, 0.0005891645216334364, 0.00017098731933988998]
}

Brinkhoff
{
'GRR': [0.028053430026424703, 0.024790427898669393, 0.012864799711640661, 0.004957605145954737, 0.0022599417548707303, 0.0011968205362676357, 0.0007189927474979371, 0.0005296012829420694, 0.00030818221854153556],
'RAPPOR': [0.05463903686101635, 0.028706108348479406, 0.010567524599153458, 0.005099968220271769, 0.0031847951343526326, 0.002343088173500394, 0.0018755938419465611, 0.0013894292539217133, 0.0009355433674122082],
'OUE': [0.05460319167812589, 0.028941314265350283, 0.011430555340294232, 0.0058035239277496155, 0.0037982436782956733, 0.002784324184701741, 0.0023375942457636756, 0.0020648053940003214, 0.001465003178462448],
'OLH': [0.2109537624965651, 0.21784034494097365, 0.23230919249213372, 0.13773535179567323, 0.10125793175112709, 0.07416560878644389, 0.04753397176277776, 0.029631256365844183, 0.011152287511912171]
}


10^-2

data = {
    'Taxi': {
        'GRR': [8.3935, 10.6891, 8.7574, 4.7993, 2.0370, 0.9904, 0.5733, 0.3746, 0.1574],
        'RAPPOR': [11.0172, 9.9631, 5.5411, 2.5704, 1.3215, 0.7908, 0.5681, 0.4282, 0.2534],
        'OUE': [10.9300, 9.9718, 5.7642, 3.0109, 1.7565, 1.1867, 0.9175, 0.7195, 0.5587],
        'OLH': [32.4506, 33.9907, 37.4862, 22.2921, 16.5548, 11.7089, 7.4596, 4.5303, 1.6199]
    },
    'Geolife': {
        'GRR': [0.0318, 0.0323, 0.0302, 0.0164, 0.0114, 0.0032, 0.0019, 0.0033, 0.0002],
        'RAPPOR': [0.0284, 0.0295, 0.0142, 0.0111, 0.0038, 0.0016, 0.0010, 0.0012, 0.0006],
        'OUE': [0.0339, 0.0209, 0.0205, 0.0135, 0.0123, 0.0039, 0.0062, 0.0045, 0.0012],
        'OLH': [0.2821, 0.2588, 0.2928, 0.2111, 0.1581, 0.1136, 0.0813, 0.0589, 0.0170]
    },
    'Brinkhoff': {
        'GRR': [2.8053, 2.4790, 1.2864, 0.4957, 0.2259, 0.1197, 0.0718, 0.0529, 0.0308],
        'RAPPOR': [5.4639, 2.8706, 1.0567, 0.5100, 0.3185, 0.2343, 0.1876, 0.1389, 0.0936],
        'OUE': [5.4603, 2.8941, 1.1430, 0.5804, 0.3798, 0.2784, 0.2337, 0.2064, 0.1465],
        'OLH': [21.0953, 21.7840, 23.2309, 13.7735, 10.1257, 7.4166, 4.7534, 2.9631, 1.1152]
    }
}

----------------------------------------------------------------------------

Chain Attack

Taxi

{
'GRR': [0.469475611136306, 0.35914761602723194, 0.27463450625531965, 0.24373429034885757, 0.03909474344146935, 0.010846288224904745, 0.005901825251393085, 0.003713172905587667, 0.0016803018039636688],
'RAPPOR': [0.37194369859855614, 0.2579082821499858, 0.2569343010153386, 0.14135902639475958, 0.07512023572007966, 0.01130132810252612, 0.005887915098312872, 0.00449445948453257, 0.0026762192457767254],
'OUE': [0.3432156990921782, 0.33160641786577105, 0.31568833667517193, 0.11183889300314094, 0.03324055361996975, 0.016679589312721847, 0.010435499541782722, 0.00805018707276776, 0.005832173569475222],
'OLH': [0.36954174584545374, 0.3709555308109961, 0.3730462431983368, 0.3552728467696069, 0.30825761525919654, 0.17674880806794047, 0.12047267602060495, 0.08991549742537723, 0.060843353008553216]
}

Geolife

{
'GRR': [0.20549255860664997, 0.178863558483241, 0.17934349449571185, 0.18711682331608814, 0.022677264706798417, 0.006258029685882429, 0.003279486703865086, 0.002177010350079932, 0.000837971586095235],
'RAPPOR': [0.18958266905257204, 0.1997375745448566, 0.15052549166309506, 0.0832813996140654, 0.030961995768434905, 0.006981816397047812, 0.0034355678635922256, 0.0023558164724431737, 0.001323192553800082],
'OUE': [0.201250313352172, 0.19172510828675873, 0.19149471198441753, 0.039744331030709346, 0.015368891032479647, 0.00946922327858985, 0.00669700281140355, 0.00529027294466667, 0.004019096449440232],
'OLH': [0.18787433168396928, 0.19078030299410212, 0.1915184869166723, 0.18629714485210055, 0.1538482140724353, 0.10438875339899194, 0.08033683295099792, 0.06601295921974958, 0.048567013969044635]
}

Brinkhoff

{
'GRR': [0.19214546297010196, 0.2581484396933122, 0.18419567219857705, 0.10796248958119822, 0.006790158231174474, 0.0016274715029099811, 0.0007007410147696102, 0.0009054739094950087, 0.00021852291477465156],
'RAPPOR': [0.24063972496129518, 0.2535204910800314, 0.10676928321347393, 0.05180112794123676, 0.016748938626929, 0.001194625415175109, 0.0005664942155609987, 0.00036332492448021384, 0.000466837695504692],
'OUE': [0.2534670851791761, 0.2300018451511951, 0.13085797362302143, 0.022564174397178064, 0.0043625653947948, 0.002145597331968065, 0.0013910945603305242, 0.0010962920147750766, 0.0009518192806679985],
'OLH': [0.21032559678700177, 0.21330691721670555, 0.21970247606517118, 0.20871691362246134, 0.18104394224367013, 0.09140979159232887, 0.05896980650933076, 0.041006220054622795, 0.022671873034578835]
}


data = {
    'Taxi': {
        'GRR': [46.9475611136306, 35.914761602723196, 27.463450625531966, 24.373429034885756, 3.909474344146935, 1.0846288224904745, 0.5901825251393085, 0.3713172905587667, 0.16803018039636688],
        'RAPPOR': [37.19436985985561, 25.79082821499858, 25.69343010153386, 14.135902639475958, 7.5120235720079656, 1.130132810252612, 0.5887915098312873, 0.44944594845325697, 0.26762192457767253],
        'OUE': [34.32156990921782, 33.1606417865771, 31.568833667517193, 11.183889300314094, 3.324055361996975, 1.6679589312721848, 1.0435499541782722, 0.8050187072767759, 0.5832173569475222],
        'OLH': [36.95417458454537, 37.09555308109961, 37.30462431983368, 35.52728467696069, 30.825761525919653, 17.674880806794047, 12.047267602060495, 8.991549742537723, 6.084335300855321]
        },
    'Geolife': {
        'GRR': [20.549255860664996, 17.8863558483241, 17.934349449571187, 18.711682331608813, 2.267726470679842, 0.6258029685882429, 0.3279486703865086, 0.2177010350079932, 0.0837971586095235],
        'RAPPOR': [18.958266905257204, 19.97375745448566, 15.052549166309506, 8.32813996140654, 3.0961995768434907, 0.6981816397047812, 0.34355678635922254, 0.23558164724431738, 0.1323192553800082],
        'OUE': [20.1250313352172, 19.172510828675872, 19.149471198441752, 3.9744331030709343, 1.5368891032479646, 0.946922327858985, 0.669700281140355, 0.529027294466667, 0.4019096449440232],
        'OLH': [18.787433168396927, 19.078030299410212, 19.15184869166723, 18.629714485210055, 15.384821407243528, 10.438875339899194, 8.033683295099792, 6.601295921974957, 4.856701396904463]
        },
    'Brinkhoff': {
        'GRR': [19.214546297010195, 25.814843969331218, 18.419567219857704, 10.796248958119822, 0.6790158231174473, 0.16274715029099812, 0.07007410147696101, 0.09054739094950087, 0.021852291477465157],
        'RAPPOR': [24.06397249612952, 25.35204910800314, 10.676928321347393, 5.1801127941236755, 1.6748938626929, 0.1194625415175109, 0.05664942155609987, 0.036332492448021385, 0.0466837695504692],
        'OUE': [25.34670851791761, 23.00018451511951, 13.085797362302143, 2.2564174397178065, 0.43625653947947995, 0.2145597331968065, 0.13910945603305241, 0.10962920147750765, 0.09518192806679986],
        'OLH': [21.032559678700178, 21.330691721670554, 21.97024760651712, 20.871691362246132, 18.104394224367013, 9.140979159232888, 5.8969806509330756, 4.10062200546228, 2.2671873034578836]
    }
}
