grr_list = [0.057443474509012535,
0.10174687559576609,
0.17432453738479142,
0.2730412138812009,
0.39377241231693966,
0.5283409927811734,
0.6548305127048765,
0.7598495312532838,
0.896771123047492]

rappor_list = [0.07058072956759658,
0.11537315216211196,
0.1687483942170693,
0.24320436257183273,
0.3294138244648792,
0.42841026713416064,
0.5257198936325191,
0.6113813114717613,
0.7417202077170573]

oue_list = [0.07345253032719255,
0.12458890828145316,
0.20119596168989715,
0.29418017442857536,
0.37863340677258905,
0.44382984258862723,
0.49019892777016194,
0.5188784544073446,
0.5480257640037582]

olh_list =[0.023303243816794376,
0.016162753233595093,
0.0059372475532577995,
0.13768865186304274,
0.24281772691383796,
0.3738944451406166,
0.5254264408636954,
0.6665018502039066,
0.8509365081467221]
