TAXI
GRR: [0.028593611628641574, 0.04088769728239309, 0.057700246439426964, 0.08780655133345598, 0.14525478227348038, 0.23680450812170353, 0.3524717510924086, 0.47626740684643426, 0.6714932626634941]
RAPPOR: [0.02511761268385087, 0.029965217956350244, 0.0565262486094435, 0.07929467342409059, 0.1068580362611506, 0.14276414729578385, 0.18850627455400618, 0.24957343524317696, 0.4042417683680786]
OUE: [0.028616527142922548, 0.04120713170721725, 0.057056751770375044, 0.08794058405144926, 0.1446251860316509, 0.2364013947598989, 0.35340030009792256, 0.4764191799901034, 0.6705803738948278]
OLH: [0.017325814700805752, 0.021982703764685294, 0.01935958391994973, 0.046987724803334366, 0.09643849277368141, 0.1903090474145131, 0.3330263539901846, 0.49914120353799285, 0.76715852960126]


GRR: [0.028636674498717655, 0.04081638045577638, 0.05753787266920235, 0.08737472991108322, 0.1453917277550754, 0.23549958831491433, 0.3538083829986447, 0.4758089357431105, 0.6710776525696996]
RAPPOR: [0.02500269391691632, 0.0295190198702897, 0.05678135383802339, 0.07978520184970592, 0.1067787257293496, 0.14226215380640525, 0.18895103086309192, 0.24829548067039361, 0.40573354906207487]
OUE: [0.04499733008263002, 0.0641426530313327, 0.08305174313081687, 0.10751884381275033, 0.14038520497881674, 0.1751922093330658, 0.209322035566652, 0.24134349554318266, 0.272603030213597]
OLH: [0.02522532955564937, 0.024921817890103445, 0.025113113603844734, 0.024958435623504537, 0.025095329489434975, 0.025286944424116414, 0.025030066018517327, 0.02501793598808028, 0.025109621220365374]

BRINKHOFF
GRR: [0.03551244002278309, 0.04611089705405319, 0.06279700969997555, 0.09708114115822584, 0.16327168359375116, 0.26963666154565635, 0.4008501946383559, 0.5384743802721081, 0.7589904523533259]
RAPPOR: [0.0008732234533939266, 0.001231782654259383, 0.004371638595668564, 0.011252448911578205, 0.025703590250608793, 0.04977543448781309, 0.09833114230853209, 0.1583463387484031, 0.33212867195155127]
OUE: [0.0036949312578762423, 0.013840203917193775, 0.0394271526791846, 0.08733454908133557, 0.13608059465112862, 0.17758260437180515, 0.21575119377575155, 0.25097800757537553, 0.2793664555862338]
OLH: [0.029018569977923618, 0.028951551197238124, 0.02825490126106555, 0.027489553203386335, 0.028315732910897513, 0.02789146380665187, 0.027624233403356447, 0.027046856324563093, 0.02726184976089126]

----------------------------------------

TAXI
GRR: [0.18878119210811775, 0.16607764058283273, 0.149403019385314, 0.13659535750791954, 0.11913645231057023, 0.09820817147177165, 0.07589909520891755, 0.055586133785936576, 0.028940657121001693]
RAPPOR: [0.19744766750428036, 0.19149582643568838, 0.16470100478897864, 0.14987285876874532, 0.14011088944665043, 0.12901726824049992, 0.11702141914711055, 0.10365348078197949, 0.07423440184835338]
OUE: [0.16753193984397238, 0.1475914275259315, 0.13780209552733838, 0.1286840183121787, 0.1225719426123062, 0.11712274921629089, 0.11255299605218466, 0.10332691782789155, 0.1016922821130795]
OLH: [0.19575675476454912, 0.19582256284047844, 0.1962618844637438, 0.19587445203512524, 0.19605376520616372, 0.19619027938769582, 0.19572499519786288, 0.19584677447264795, 0.19615722464810192]

GEOLIFE
GRR: [0.18056549515721362, 0.1583023508982327, 0.14074076444381342, 0.12832676586245997, 0.11103813283659231, 0.09009326120987908, 0.06967121564569347, 0.04975907794411606, 0.024260371278572702]
RAPPOR: [0.16593383731856567, 0.1632397177463553, 0.14654457362016093, 0.13503146481851128, 0.12771863815761608, 0.11683464512654797, 0.10631714162049657, 0.09704488582258884, 0.07756998663335485]
OUE: [0.14649834492796523, 0.1280401522094976, 0.11841559829233127, 0.11324940743077658, 0.11072928390743378, 0.10908125843371826, 0.10750368522191384, 0.09826404181021405, 0.1028986782017606]
OLH: [0.1806630127010226, 0.18051030728647133, 0.181046423599664, 0.18182542295769022, 0.18150027909430652, 0.18090855109116777, 0.18075116578640915, 0.18138701670183768, 0.1809066909282241]

BRINKHOFF
GRR: [0.20558061247991344, 0.1792706624594289, 0.15901186938774603, 0.14384894291978284, 0.12232631308195778, 0.0968714822260988, 0.07273564254125083, 0.05188462747121247, 0.02257932469403897]
RAPPOR: [0.26846062479154875, 0.271254851961819, 0.24599767355118507, 0.23060736129316403, 0.21502051868507108, 0.1962153806420515, 0.17224744600014796, 0.14654854559441433, 0.1029671816204037]
OUE: [0.2426861290777377, 0.21298662086898706, 0.182540214901449, 0.1467321204629716, 0.1318346143895558, 0.12192644526764555, 0.11670100738585844, 0.11513029971939981, 0.10932495518328497]
OLH: [0.1965612694257772, 0.19629869711662343, 0.1959833429362639, 0.19664047644263916, 0.1968043754164934, 0.1958919096516551, 0.19635646731043865, 0.1972069809743496, 0.19691168944533197]



-------------------------------------------------------------------
new

TAXI
GRR: [0.025431312191280694, 0.03884469380612626, 0.05734597839660836, 0.08859001280613422, 0.14876790671407322, 0.2430212534103292, 0.36409390634818367, 0.4928716165159361, 0.6954459179452915]
RAPPOR: [0.020272816395033446, 0.028414355994623015, 0.036816144478647166, 0.04682913952323001, 0.07201635963761026, 0.11137260282689447, 0.15956686830362468, 0.22960116050620025, 0.3922398107714702]
OUE: [0.025232956308015368, 0.04786342377168492, 0.07030050667748428, 0.10375951511680626, 0.13818967197206514, 0.17425315778589098, 0.2088684965121181, 0.2353176875780498, 0.2676263313209408]
OLH: [0.017215699843303824, 0.02207591611584381, 0.019176390579139523, 0.046671797074474435, 0.09675988896047598, 0.19091554911271785, 0.3314288185744625, 0.4977887544642502, 0.7661682415825518]

GEOLIFE
GRR: [0.011717564516046068, 0.03000632686758329, 0.049722492271448336, 0.08348378933074085, 0.14937580050306312, 0.2423961853617888, 0.3741442011429512, 0.5087573106183356, 0.7317176673919418]
RAPPOR: [0.0072296035677360615, 0.01326327484838665, 0.015338796043393053, 0.024003518355631685, 0.05276504688568945, 0.07907041340678672, 0.13032575652361775, 0.18083524939689005, 0.3298586999573065]
OUE: [0.009145667124464402, 0.029854584921479972, 0.06009752634908878, 0.09319013008657007, 0.1311410479967491, 0.15872721941885407, 0.1901275146726746, 0.21909222309666734, 0.24809808187892535]
OLH: [0.01011527244109069, 0.010904844940306262, 0.005683893235395481, 0.037544558122309155, 0.08483146356392965, 0.1660725583692113, 0.294886039226579, 0.4451079939714725, 0.7369000406359788]

BRINKHOFF
GRR: [0.031142256327622526, 0.041882517654689255, 0.06084861936517531, 0.09582727388814731, 0.16228809549838727, 0.26930027073432666, 0.4008760510821564, 0.5422495294073334, 0.7649691645820338]
RAPPOR: [0.019106659402988092, 0.015847190821307075, 0.012421441570718434, 0.01873092021192058, 0.040940872982698544, 0.0682145773944646, 0.11604737069840637, 0.17485193211706526, 0.34221572206691464]
OUE: [0.006552009561597801, 0.018191656385131753, 0.049281548082214306, 0.0907028895170603, 0.13211228814143228, 0.17632916590492972, 0.21222557947894435, 0.2421781481478079, 0.2740930124453272]
OLH: [0.015160938557914823, 0.021265552065600938, 0.023146085376396047, 0.05004588795255213, 0.10088092007411892, 0.19123930544288995, 0.3286275597806565, 0.4912234123181822, 0.7564419979035775]



TAXI
GRR: [0.18903862504367006, 0.16585242533500316, 0.14949053898228326, 0.13638879164854978, 0.11899137496912797, 0.09850158485230497, 0.07565904384379038, 0.05571933893041391, 0.02901896406699692]
RAPPOR: [0.21767906964339678, 0.19502485289632138, 0.17302419805774827, 0.17862285624818455, 0.15495900154752473, 0.1351500776373651, 0.12437356200856772, 0.10831981759049329, 0.07365853749112425]
OUE: [0.20123607510953948, 0.1662028803779147, 0.1481118907554439, 0.12990965071929403, 0.12201818762306048, 0.11552616891194725, 0.11242826045362836, 0.10275714360292226, 0.10065417575194537]
OLH: [0.19658290644033904, 0.19664201247846558, 0.2101413366947885, 0.15834432214974087, 0.1368745802363579, 0.11617239445358914, 0.0878889203771128, 0.058605962822174805, 0.021162685008161236]

GEOLIFE
GRR: [0.18136293886574717, 0.15853471214346515, 0.14064693500694858, 0.12763188136360137, 0.11072026048336389, 0.09228355485829497, 0.06976605205014487, 0.049846331808425876, 0.023738554991356665]
RAPPOR: [0.2080714604739554, 0.19260494248164317, 0.14569826972553804, 0.16173665537619522, 0.14284479659014565, 0.12423602283368676, 0.11114324473173715, 0.10078510611499096, 0.07801055412305881]
OUE: [0.17483789963594382, 0.14405201952077043, 0.12887412679924715, 0.11729059426873947, 0.11284288786991142, 0.108709311093726, 0.10648880617482691, 0.10567321869160448, 0.10312440078960498]
OLH: [0.18162436691845155, 0.1825261584815814, 0.19098429637337755, 0.1515302556461382, 0.12913536041096058, 0.11400967182566128, 0.0915735078085482, 0.0679408890712162, 0.029882989256697]

BRINKHOFF
GRR: [0.2061020695899893, 0.17919831574305023, 0.15987883733285418, 0.1444478193870124, 0.12399204794744528, 0.09838801297627675, 0.07330220120996914, 0.051570663546631465, 0.023185790551414013]
RAPPOR: [0.21761099763033673, 0.24138362866345217, 0.2562369845901436, 0.23369519662190394, 0.20807470141526768, 0.19040386915393617, 0.1617401415212581, 0.1417319670284724, 0.09662797614198558]
OUE: [0.2523279269958091, 0.22708732511544774, 0.17536905261984673, 0.14398207150002199, 0.13116479663284425, 0.12132829403223959, 0.11727793262806137, 0.111463052548902, 0.10992088337602307]
OLH: [0.2172347357446771, 0.21384015591531969, 0.22162686930269937, 0.17014074335478177, 0.14388838671672938, 0.12506205303000686, 0.09649199738743981, 0.06915529911257086, 0.02623754952842974]

